function res = L_MAP(x)
   
    N = 5;
    N_angles = 15;    
    index = @(x,y,z) x + N * (y - 1) + N^2 * (z - 1);
    matrix = [0.697544723749000,0.783758133650000,0.858215168118000,0.944428563118000,0.815108478069000,0.305665664375000,0.223371075466000,0.148914044723000,0.0627006515860000,0,0,0,0,0,0,0,0,0,0,0,0,0,0,0,0,0.779839336872000,0.866052746773000,0.940509766340000,0.991454020143000,0.764164209366000,0.227289857343000,0.141076471657000,0.0666194409130000,0,0,0,0,0,0,0,0,0,0,0,0,0,0,0,0,0,0.862133935094000,0.940509796143000,0.991454049945000,0.916997015476000,0.709301114082000,0.144995253533000,0.0666194409130000,0,0,0,0,0,0,0,0,0,0,0,0,0,0,0,0,0,0,0.940509751439000,0.995372861624000,0.913078211248000,0.838621228933000,0.650519251823000,0.0666194409130000,0,0,0,0,0,0,0,0,0,0,0,0,0,0,0,0,0,0,0,0.995372831821000,0.916997022927000,0.834702454507000,0.756326586008000,0.591737389565000,0,0,0,0,0,0,0,0,0,0,0,0,0,0,0,0,0,0,0,0;0,0,0,0,0,0.693625964224000,0.775920554996000,0.854296386242000,0.936590977013000,0.893484294415000,0.309584461153000,0.231208657846000,0.152832838707000,0.0705382302400000,0,0,0,0,0,0,0,0,0,0,0,0,0,0,0.00783758144800000,0.0705382302400000,0.772001780570000,0.854296348989000,0.936590999365000,0.999291606247000,0.834702432156000,0.231208648533000,0.152832838707000,0.0705382302400000,0,0,0,0,0,0,0,0,0,0,0,0,0,0,0.00783758144800000,0.0822946019470000,0.144995257258000,0.858215160668000,0.932672202587000,0.999291636050000,0.920915789902000,0.775920569897000,0.148914047983000,0.0744570270180000,0,0,0,0,0,0,0,0,0,0,0,0,0,0,0.00391879072400000,0.0862133987250000,0.160670420155000,0.223371073604000,0.932672165334000,1.00321044772900,0.916997049004000,0.846458766609000,0.709301114082000,0.0744570270180000,0,0,0,0,0,0,0,0,0,0,0,0,0,0,0.00391879072400000,0.0822946084660000,0.164589207619000,0.246883809566000,0.297828108072000,1.00321041047600,0.924834594131000,0.838621221483000,0.760245382786000,0.646600484848000,0,0,0,0,0,0,0,0,0,0,0,0,0,0,0;0,0,0,0,0,0,0,0,0,0,0.693625986576000,0.764164209366000,0.846458815038000,0.932672213763000,0.971860110760000,0.313503259327000,0.239046239760000,0.160670423415000,0.0744570270180000,0,0,0,0,0,0,0,0,0,0,0,0,0,0,0,0.0783758163450000,0.764164197259000,0.850377570838000,0.928753411397000,1.00712919235200,0.905240654945000,0.239046230912000,0.156751632690000,0.0783758163450000,0,0,0,0,0,0,0,0,0,0,0,0,0,0,0,0.0783758163450000,0.156751632690000,0.838621199131000,0.928753423505000,1.01104800682500,0.928753423505000,0.838621199131000,0.156751632690000,0.0783758163450000,0,0,0,0,0,0,0,0,0,0,0,0,0,0,0,0.0783758163450000,0.156751632690000,0.239046230912000,0.905240654945000,1.00712919235200,0.928753411397000,0.850377570838000,0.764164197259000,0.0783758163450000,0,0,0,0,0,0,0,0,0,0,0,0,0,0,0,0.0744570270180000,0.160670423415000,0.239046239760000,0.313503259327000,0.971860110760000,0.932672213763000,0.846458815038000,0.764164209366000,0.693625986576000,0,0,0,0,0,0,0,0,0,0;0,0,0,0,0,0,0,0,0,0,0,0,0,0,0,0.646600484848000,0.760245382786000,0.838621221483000,0.924834594131000,1.00321041047600,0.297828108072000,0.246883809566000,0.164589207619000,0.0822946084660000,0.00391879072400000,0,0,0,0,0,0,0,0,0,0,0,0,0,0,0.0744570270180000,0.709301114082000,0.846458766609000,0.916997049004000,1.00321044772900,0.932672165334000,0.223371073604000,0.160670420155000,0.0862133987250000,0.00391879072400000,0,0,0,0,0,0,0,0,0,0,0,0,0,0,0.0744570270180000,0.148914047983000,0.775920569897000,0.920915789902000,0.999291636050000,0.932672202587000,0.858215160668000,0.144995257258000,0.0822946019470000,0.00783758144800000,0,0,0,0,0,0,0,0,0,0,0,0,0,0,0.0705382302400000,0.152832838707000,0.231208648533000,0.834702432156000,0.999291606247000,0.936590999365000,0.854296348989000,0.772001780570000,0.0705382302400000,0.00783758144800000,0,0,0,0,0,0,0,0,0,0,0,0,0,0,0.0705382302400000,0.152832838707000,0.231208657846000,0.309584461153000,0.893484294415000,0.936590977013000,0.854296386242000,0.775920554996000,0.693625964224000,0,0,0,0,0;0,0,0,0,0,0,0,0,0,0,0,0,0,0,0,0,0,0,0,0,0.591737389565000,0.756326586008000,0.834702454507000,0.916997022927000,0.995372831821000,0,0,0,0,0,0,0,0,0,0,0,0,0,0,0,0,0,0,0,0.0666194409130000,0.650519251823000,0.838621228933000,0.913078211248000,0.995372861624000,0.940509751439000,0,0,0,0,0,0,0,0,0,0,0,0,0,0,0,0,0,0,0.0666194409130000,0.144995253533000,0.709301114082000,0.916997015476000,0.991454049945000,0.940509796143000,0.862133935094000,0,0,0,0,0,0,0,0,0,0,0,0,0,0,0,0,0,0.0666194409130000,0.141076471657000,0.227289857343000,0.764164209366000,0.991454020143000,0.940509766340000,0.866052746773000,0.779839336872000,0,0,0,0,0,0,0,0,0,0,0,0,0,0,0,0,0.0627006515860000,0.148914044723000,0.223371075466000,0.305665664375000,0.815108478069000,0.944428563118000,0.858215168118000,0.783758133650000,0.697544723749000;0.435079574585000,0.689855903387000,0.909355551004000,0.885837703943000,0.341008335352000,0.595784649253000,0.341008320451000,0.109749808908000,0,0,0,0,0,0,0,0,0,0,0,0,0,0,0,0,0,0.521311566234000,0.768248647451000,0.913275152445000,0.799605727196000,0.313570857048000,0.509552672505000,0.262615606189000,0.0666338130830000,0,0,0,0,0,0,0,0,0,0,0,0,0,0,0,0,0,0.603623926640000,0.846641361713000,0.917194813490000,0.717293381691000,0.282213777304000,0.427240304649000,0.184222890064000,0.0235178153960000,0,0,0,0,0,0,0,0,0,0,0,0,0,0,0,0,0,0.682016640902000,0.901516258717000,0.885837733746000,0.634981006384000,0.250856697559000,0.348847582936000,0.113669440150000,0,0,0,0,0,0,0,0,0,0,0,0,0,0,0,0,0,0,0.764329016209000,0.909355521202000,0.803525358438000,0.556588307023000,0.211660340428000,0.266535248607000,0.0705534443260000,0,0,0,0,0,0,0,0,0,0,0,0,0,0,0,0,0,0;0,0,0.0117589076980000,0.121508713812000,0.192062154412000,0.407642140985000,0.658498838544000,0.877998441458000,0.909355551004000,0.497793763876000,0.623222082853000,0.372365411371000,0.141106888652000,0,0,0,0,0,0,0,0,0,0,0,0,0,0,0.0352767221630000,0.203821070492000,0.250856697559000,0.489954501390000,0.736891537905000,0.917194798589000,0.827043190598000,0.450758129358000,0.540909767151000,0.293972704560000,0.0783927142620000,0,0,0,0,0,0,0,0,0,0,0,0,0,0,0.0548749044540000,0.282213777304000,0.317490518093000,0.572266846895000,0.819203883410000,0.956391155720000,0.748650476336000,0.399802863598000,0.458597391844000,0.211660345085000,0.0195981785660000,0,0,0,0,0,0,0,0,0,0,0,0,0,0.0117589076980000,0.117589075118000,0.368445783854000,0.380204677582000,0.650659561157000,0.877998456359000,0.913275182247000,0.662418484688000,0.348847597837000,0.380204688758000,0.141106888652000,0,0,0,0,0,0,0,0,0,0,0,0,0,0,0.0274374522270000,0.203821063042000,0.446838483214000,0.446838498116000,0.736891523004000,0.925034075975000,0.827043205500000,0.584025740623000,0.293972700834000,0.293972689658000,0.0783927142620000,0,0,0,0,0,0,0,0,0,0,0,0,0;0,0,0,0,0,0,0,0.00391963589900000,0.0901516284790000,0.282213777304000,0.360606491566000,0.638900649734000,0.866239517927000,0.936792977154000,0.642820298672000,0.615382850170000,0.419401043095000,0.160705074668000,0,0,0,0,0,0,0,0,0,0,0,0,0,0,0.00783927179900000,0.172463987023000,0.360606491566000,0.431159943342000,0.705534434877000,0.952471516095000,0.858400270343000,0.576186478138000,0.529150843620000,0.337088672444000,0.0862319888550000,0,0,0,0,0,0,0,0,0,0,0,0,0,0,0.00783927179900000,0.254776332527000,0.442918866873000,0.505633056164000,0.776087883860000,1.04262314736800,0.776087883860000,0.505633056164000,0.442918866873000,0.254776332527000,0.00783927179900000,0,0,0,0,0,0,0,0,0,0,0,0,0,0,0.0862319888550000,0.337088672444000,0.529150843620000,0.576186478138000,0.858400270343000,0.952471516095000,0.705534434877000,0.431159943342000,0.360606491566000,0.172463987023000,0.00783927179900000,0,0,0,0,0,0,0,0,0,0,0,0,0,0,0.160705074668000,0.419401043095000,0.615382850170000,0.642820298672000,0.936792977154000,0.866239517927000,0.638900649734000,0.360606491566000,0.282213777304000,0.0901516284790000,0.00391963589900000,0,0,0,0,0,0,0;0,0,0,0,0,0,0,0,0,0,0,